119
609
1041
222
482
320
152
494
746
717
518
316
296
758
835
222
784
514
740
244
668
510
1095
926
701
156
1028
383
127
723
538
709
414
454
360
153
1095
468
524
761
1021
275
1024
103
968
790
1001
396
784
836
1026
331
704
345
771
983
487
901
786
824
300
527
913
371
1086
943
896
241
208
1092
1027
972
644
930
844
758
956
456
741
727
967
973
152
909
1077
568
104
765
789
835
472
262
139
854
796
432
623
471
1046
486
801
974
308
153
761
504
494
646
417
1072
686
925
217
426
128
674
910
624
637
276
420
435
707
316
182
253
899
928
947
777
963
467
581
195
587
319
652
920
759
503
358
434
420
923
761
494
396
102
543
394
510
712
934
1003
669
309
421
310
431
937
148
526
979
1010
285
783
124
468
996
861
183
600
530
820
532
731
886
226
645
700
542
907
143
841
649
1061
133
252
214
114
757
173
520
240
697
472
729
525
510
523
1065
226
832
615
977
518
614
946
530
250
670
352
672
1000
1053
184
876
1072
806
402
829
337
726
699
931
863
1044
875
652
241
622
756
869
987
472
134
927
723
231
773
166
963
736
369
357
692
614
262
424
614
584
593
955
186
192
216
783
728
860
691
136
230
725
321
958
759
411
857
253
1084
419
852
824
647
312
887
466
237
756
786
330
933
229
854
1014
262
981
883
322
106
886
539
328
308
259
839
869
956
757
301
579
630
317
224
959
664
1095
442
135
517
951
381
831
715
683
365
538
492
935
765
635
582
942
949
628
1025
713
179
115
145
774
362
151
946
563
860
520
632
284
948
562
617
624
1096
554
176
775
879
240
889
707
252
794
1096
290
555
1060
273
957
888
863
157
323
740
880
1038
514
1053
1073
764
736
559
114
835
216
376
867
116
445
317
325
404
1012
520
1080
822
471
254
1086
656
119
743
596
462
555
809
432
331
1018
535
719
608
818
734
540
912
619
913
499
105
424
771
128
451
684
257
134
564
1016
294
1071
879
995
521
784
530
728
354
131
397
926
558
838
916
189
931
711
252
685
966
321
1072
377
185
491
574
181
982
506
838
655
541
1012
726
638
965
612
991
657
988
892
727
647
789
988
392
104
261
719
1085
267
861
330
451
234
349
132
926
415
767
1072
180
157
609
1023
903
162
1049
1097
534
1087
1094
212
309
788
498
560
624
611
146
931
762
164
131
1061
504
448
328
150
405
516
614
242
296
254
1077
955
624
672
635
991
625
239
789
353
569
272
336
788
516
599
549
707
374
968
767
311
378
409
694
135
186
1028
991
738
129
898
593
237
497
230
629
598
353
739
440
913
207
920
255
489
380
733
651
645
139
1093
254
968
191
970
393
621
972
785
572
590
746
871
790
187
777
688
910
247
925
892
355
867
362
348
1082
731
127
953
575
1032
741
626
432
995
813
436
759
634
559
203
283
536
981
461
662
596
790
164
628
389
391
732
410
561
900
460
210
170
582
701
643
606
463
798
587
1022
617
629
890
340
261
169
805
269
417
499
736
155
497
106
530
485
992
701
1068
683
705
457
1033
287
952
397
475
943
667
1062
535
581
742
1042
1032
690
103
961
468
934
408
479
905
386
995
215
175
1073
652
1080
418
975
165
294
1030
171
657
1043
1034
399
1068
341
1009
519
508
865
799
1095
893
855
347
949
238
161
500
535
470
153
156
450
510
1010
801
1090
704
1067
744
163
222
1061
343
1064
900
928
910
455
794
297
1047
185
401
1014
932
667
793
773
563
1090
298
725
894
209
308
449
399
1041
876
243
326
590
983
906
791
661
736
428
1073
469
134
258
298
878
1093
440
747
698
970
1015
812
828
456
277
144
909
1033
1046
927
501
1091
503
255
1035
824
1093
250
301
253
708
416
531
232
904
608
899
635
292
348
103
614
396
957
804
439
438
328
180
531
354
133
219
704
1010
1058
598
867
246
1071
339
626
101
101
270
395
1006
518
529
783
388
145
366
718
587
501
965
902
829
113
896
622
1073
377
243
393
1016
716
483
593
576
359
884
897
175
570
288
835
226
716
626
948
102
817
902
583
1027
663
906
228
506
455
633
637
690
753
789
156
1032
597
163
1048
936
913
696
658
228
855
820
410
518
513
520
468
280
590
903
161
711
497
958
343
281
400
693
550
118
306
206
957
127
989
326
163
788
453
398
400
318
505
916
1094
699
832
532
196
718
1045
151
911
275
301
468
478
849
532
222
597
571
280
916
355
662
623
843
432
104
974
688
150
1073
448
615
1084
1098
958
960
518
649
516
747
966
409
484
244
377
387
572
348
469
990
1027
786
1052
714
120
776
698
753
869
344
339
780
367
329
176
217
1026
723
695
896
553
942
821
663
728
492
244
879
132
