10708
6888
2264
5984
10147
1735
3413
1318
7401
9829
3929
5895
3292
2223
8345
9669
6949
10147
2600
8171
5043
2161
5180
3522
2212
7822
8665
3008
5217
4726
2658
4583
9244
5780
6029
6116
6859
7700
8582
7362
5614
2786
7120
4427
1455
4894
7246
5732
2342
3812
4123
7767
1462
9052
5351
2828
6868
5977
1817
1129
3391
5395
4648
4929
10610
7321
2885
2002
6041
2224
9145
2888
10857
5319
6736
9367
1384
6959
6090
7976
4487
8131
1444
9607
10703
10067
3022
10558
8803
1078
2400
2216
3159
7654
1987
6870
4532
8826
4283
7895
1320
3027
8092
7214
1059
5507
1996
1242
1516
7727
4757
1536
9618
1455
8182
10718
1843
7627
7833
9846
8843
5136
7976
1267
3061
3609
1231
9659
7323
5846
4923
9640
8873
6084
8036
10435
3070
3409
7833
5718
2917
9775
2746
8392
9942
3679
5616
5918
9156
6312
1935
9501
1041
8891
8519
7937
5516
8126
6665
8271
3930
4895
3186
8771
6623
4474
9100
4791
8582
2428
5395
1177
3445
9610
1757
8789
2680
1277
4012
7762
1795
7120
3818
5194
1644
4344
8642
2898
2884
4704
7891
7170
4137
8135
7934
7727
9000
1390
7420
2442
4244
9108
4958
10487
5860
7224
9560
10118
2445
1829
7002
8556
5197
2926
7991
3442
2094
9795
9942
5346
6107
2151
9697
1758
7884
3904
6509
7188
1898
2726
3840
4743
1384
1148
6387
3412
5928
4029
8130
6895
7138
7850
9471
1875
9425
6918
7975
9275
4684
10893
4520
5379
9612
9921
6564
2217
1451
10633
6633
10296
9758
3818
5153
7668
3141
2877
6372
6482
1872
9603
7363
1716
1133
4247
7979
3150
3076
2519
8313
10748
9424
7390
3954
9647
8890
3401
1472
4042
1133
3065
3024
8062
10337
8985
7762
9230
1813
3628
9169
9064
4548
1185
1442
5612
4497
4043
10770
7016
6409
4221
4745
4298
6074
4580
4605
8293
4820
10956
7215
9231
9780
2234
9579
1930
7241
7988
7356
6178
9588
10517
4806
2357
6070
8479
10908
9665
3686
4268
5828
10813
2571
5190
9459
5663
1781
2281
6009
6417
2502
1693
2192
7223
4099
2220
2873
9686
8102
2197
5691
3337
5931
5071
8390
5488
9132
6870
9418
9596
5884
7153
7142
5444
6174
6134
10764
5102
5075
2509
4805
2086
3313
1354
2570
10955
9805
5003
3718
6601
7027
5886
4167
5583
3831
6611
7912
7113
1942
6751
8632
1275
1991
2817
10537
6621
6411
10654
5584
10596
1040
10441
6557
8183
4565
2461
3604
10479
5091
7108
6988
7243
5624
10053
5378
3184
8173
9000
10978
7679
5181
4551
10835
8875
6344
5649
7227
6710
5792
2240
7916
9417
5328
10072
5056
7893
8553
10488
6881
5603
8546
3712
10327
6783
5611
10153
4274
4486
3233
1872
9204
2199
3375
4243
7118
6587
3255
10400
8160
10567
7434
1201
7429
6362
1357
8460
7828
9435
3533
7854
9359
5125
3683
7321
8771
3860
6347
7338
9609
6987
8121
6594
4117
7562
7214
9538
7931
7454
7164
4086
4746
10483
7151
2495
1335
7729
4296
4155
9165
10893
7885
8964
8645
9218
5492
2856
4769
1927
3165
5556
7201
1970
8497
10285
6826
8364
9363
1684
3732
9008
6577
1793
1128
7807
1995
2206
4354
8356
9093
5303
2721
2599
8066
5273
6638
6771
1614
6983
1944
4236
7990
6797
9051
3203
5608
4075
4328
1258
10115
5515
5337
1477
10564
8239
8517
5338
3408
3627
7104
10622
5686
7897
6204
4793
2823
8299
6460
5484
6636
10059
8778
10821
6397
1975
5807
3865
5182
6230
6874
10445
3976
4453
4443
10224
5170
8988
3679
4314
3592
9447
5568
5339
10540
8612
3208
8661
10814
3882
10011
6503
5057
10458
6243
4969
3988
2909
1268
9057
3416
7101
5392
1490
4383
2114
10207
10865
6054
6648
5905
4614
1442
4216
10974
1228
3599
8157
3268
9802
1689
8668
1496
4865
2958
8967
9706
5651
10803
10555
2250
1122
5081
2435
5627
9922
6137
9304
9265
2633
8380
5211
10158
1709
4769
7613
1609
5594
3636
4462
7491
6867
6746
7199
9024
3527
8308
6680
4655
5853
4247
1160
6613
10710
2370
6546
2178
10136
9831
3401
2593
5442
8025
8661
4692
4753
8155
1900
10637
4058
8497
6168
6743
5484
6520
7443
8696
5574
5017
3187
9111
3001
9967
3920
4392
9491
2148
5060
2403
5840
5183
9632
3202
6971
10788
3984
2781
5086
5959
10860
3098
5359
5816
9661
5844
9625
4856
3795
8869
5637
1063
6870
9187
7712
7349
9127
9787
10017
3893
10962
7879
10813
2419
9271
10251
2192
5415
7884
3143
8046
2136
2137
2997
1394
7051
9582
10310
2092
7890
9487
9190
4201
7258
2362
6690
3315
5138
9899
3519
10248
4300
8191
7896
3532
4375
7752
1751
6860
2754
7335
8617
4758
4891
4623
10517
10410
7218
8839
3314
3664
6747
2503
9073
7129
3107
9347
5666
1519
5570
4966
2922
6529
9386
4529
3545
9212
1524
8397
7011
8125
4197
10371
7143
2314
3517
1379
7273
4595
7471
4813
3852
10690
6545
7977
6641
9031
8219
10721
3102
6422
9716
9283
10298
4733
1723
4680
8579
1812
4447
4675
3109
8808
1469
10551
9416
3441
9757
4861
7083
10451
8756
10931
7896
9994
8666
8155
8419
2164
4117
9490
7195
10761
4149
6909
3829
7322
8095
3453
7255
3419
6487
8117
3176
2668
1985
10363
9750
8638
10152
9244
9143
2463
5507
1356
2741
5321
8374
7647
5264
9046
8897
3100
3427
5276
2967
7040
2288
9813
5100
1517
4806
8721
1692
6868
8167
10142
6556
7216
5440
3835
8224
4560
5695
5777
7524
10452
1060
3948
5394
1922
10493
2047
7306
4647
1223
7949
4315
10156
5732
5495
8164
4357
3564
10874
8477
5990
7134
9733
3751
6945
8284
5453
8308
5248
1755
8024
8008
8194
4715
6659
9903
1023
6656
2483
2672
9702
6278
1774
6973
10947
5772
1554
1309
6275
4894
9288
7790
1811
7494
5102
5748
8050
9495
8031
10946
1327
10849
3982
8603
4282
2089
6425
2941
8466
3719
8322
4353
2289
2794
1522
7837
2565
9800
10063
2256
3980
2728
8134
10679
6110
3562
10612
7350
7222
9603
8173
8608
6875
5139
5863
7217
5839
1756
7460
5359
9983
4858
1557
5453
2941
6866
9899
4637
6595
5942
3594
5617
1614
9871
4460
5538
7291
6306
3306
10862
6610
5248
1511
4664
8851
5167
8708
4632
6018
3846
7919
7262
3614
4590
2547
7343
7118
10060
2731
1849
3507
5356
5994
5019
10965
3692
8708
6989
10741
5421
2007
3319
10186
6560
3748
3039
4819
7674
4966
6861
5273
3215
3272
6320
3841
4733
4667
9274
5707
2444
7875
1341
7136
1853
8105
4908
4486
4247
5112
8837
7399
3636
1891
6792
9422
1872
6276
3871
1110
8796
4191
1834
1949
2237
3246
5034
8951
7846
7577
8407
6324
10096
8796
7545
6227
2884
7705
4282
7011
3605
7549
5771
5236
3348
5408
5523
6092
1150
2859
1996
6111
9876
10613
7434
5096
8653
5398
2128
8863
2586
7906
8110
8564
2498
5781
8671
8583
10402
7351
9074
2391
7388
8834
4374
3158
4974
6854
7871
1560
1683
3627
5891
5312
10316
5458
6270
9952
3190
8044
10912
1140
8858
9244
5344
9805
4810
1449
7838
2470
4067
3496
10739
10801
8535
7262
2375
1402
3339
9203
2667
2192
1566
1141
3236
5256
9502
7691
8692
1965
5107
5598
1972
1084
1584
10689
7609
10235
4231
2545
7224
7845
3177
10723
2354
6294
10576
4845
1470
10711
10855
10178
1837
6567
6218
2553
5680
1290
1214
7119
4576
3564
1010
4822
2065
4023
1061
2951
3452
4135
6926
5971
4042
8337
2378
2500
2651
10721
5352
3967
9642
6038
6295
9935
4135
4572
9025
6030
1908
10797
8595
2220
5297
9287
9838
5697
7595
3332
3022
5593
3655
1159
4317
3885
6482
5548
3702
3042
10627
9962
10707
3569
10209
3282
9425
9759
9505
8241
3505
9185
1959
7337
9634
10826
5168
1135
2252
1716
5773
3555
2583
5029
5107
4553
8847
5272
4881
8103
1524
10973
1378
10570
2907
3740
4277
4876
5417
4738
4248
5420
10291
2188
9918
9690
8530
6405
3909
3646
6836
5568
5058
6713
10308
2535
1468
1655
9784
1691
7465
4908
1803
7952
5100
4530
5339
9512
5178
10154
5267
5951
3523
1141
9081
1689
9421
7382
10790
9131
2147
3628
1851
6535
5784
7104
4292
5287
1217
8002
6983
5063
7721
8521
1209
2606
7348
5466
4980
1861
5874
4132
5909
9196
4471
8119
10173
7152
1597
3748
2288
10549
5002
5839
6059
2590
10760
2469
5699
5831
6685
1916
2356
7162
1715
8361
9598
3666
9056
8337
7824
5053
5826
10870
6745
5319
2840
3661
7725
6794
9215
1489
1286
2420
8796
9578
8090
3395
4136
5814
10753
7776
6578
4117
4656
6643
8794
4705
4385
7349
5323
7104
3145
9696
4987
8556
5525
2323
1999
5436
9891
9068
7229
8374
4333
2197
3969
3876
4872
8667
9872
1440
2407
10755
6774
4712
10341
9418
5072
6964
10056
5978
5778
7042
5612
7461
5954
9914
3882
1454
10640
4446
1447
4811
7277
2056
9307
10104
3842
9422
3948
3914
6160
9183
3584
1713
9372
9811
2279
2035
1417
6770
3866
9416
4380
9009
3977
10278
4999
2333
4313
2357
6055
2205
10997
8690
1937
1041
1896
1701
6615
4198
7433
6103
4570
2071
7118
4589
3044
2841
4961
2931
4506
10351
3068
2238
4098
2525
7691
7699
8508
4995
4155
4127
9409
7913
6341
5821
1348
2027
8876
5448
5519
3904
7036
3133
7343
10936
6553
8346
5735
5276
4240
5707
9640
7374
5432
6768
4235
8320
1106
4096
9046
2075
3286
7839
2631
3020
10638
1148
5210
9578
9050
10238
2197
6793
6018
3058
4683
4559
4007
5252
1334
5903
5503
3371
3681
5120
2132
1730
3096
8351
8688
4376
2755
4949
9558
5644
10664
4475
1375
2038
4414
10246
1431
3877
4629
6085
10188
9321
6693
1240
2515
6832
6914
9129
7868
4102
10447
7828
8207
7520
2407
8848
1844
7771
3979
8014
2500
9792
3362
7507
8661
1782
7640
6629
10429
6935
2457
1560
10766
6677
6851
4118
2301
2535
10534
9883
8923
6519
9959
7524
8612
4949
10927
10960
5812
1066
6278
6111
6423
3462
6036
9925
4153
5061
8739
2256
4332
1125
8182
2361
9086
7478
6807
7930
3860
4443
10490
10308
9208
4863
3980
9181
3694
9365
4581
7347
3233
6986
7682
8549
10045
9282
6906
7259
2597
5970
5961
7568
3129
2000
2870
8885
1826
7702
4524
1238
2479
5698
2871
6643
1862
2225
4374
7426
1246
6654
7849
4905
6558
7593
8722
6166
4768
4568
3298
9779
7386
7479
9817
3132
10209
7670
10170
7335
3888
2860
2984
4098
2756
8970
5709
8882
4006
1295
4564
4465
3974
3962
10142
9149
9110
5344
7200
1476
6089
3515
6619
4303
3922
6047
8366
6571
10475
6787
3333
6000
2234
4353
4090
8139
2229
8424
5865
5747
9529
10012
7294
3064
8711
7545
1058
3378
9956
4141
10910
1846
4260
2436
8842
5276
9933
2058
7432
8691
10235
7258
5029
6141
8317
6719
6131
4570
2444
1903
7453
4029
1966
4756
2765
8613
3407
9344
7804
1441
2956
5130
3571
8117
3508
3996
7620
10527
5632
7994
2869
10630
7542
3858
1181
10662
3600
5773
2189
4413
5792
5912
5115
6830
7957
5725
9104
7748
5296
9887
1404
2755
9036
8669
3928
2176
10945
3282
8806
10766
10429
9487
2169
10527
7343
10413
5462
1474
6829
2818
9947
7026
9701
1295
7785
3295
1955
10938
2144
9386
5708
6204
2460
4515
5381
8879
7157
5891
6641
6482
9183
4887
3562
9547
7040
8619
4546
7036
4503
10998
9548
4655
2095
7100
8058
3599
5453
9410
8808
6864
6872
8796
1277
10312
6531
5612
3544
4167
5482
9528
2358
2213
2724
4030
7351
3041
7583
1118
3415
9011
7102
1473
5793
6580
2954
5176
4408
5135
7654
1381
4401
6906
9042
9092
5908
8988
7949
10244
7169
3874
4310
4057
1371
9400
4804
3937
5098
7690
5727
3827
9503
4398
2397
5339
9837
5955
3872
3992
8221
1058
9686
8964
4563
10347
9063
7701
7044
8368
9765
3421
2264
5290
10233
1690
1296
9903
4018
9758
10354
8695
9288
1528
10166
7835
8640
3600
5537
2282
5338
10220
6653
5216
3755
8093
2444
8861
9570
2897
10057
7772
7116
5768
4351
6477
2531
9567
4579
6934
2984
7396
5885
6216
5539
8747
7858
8830
8268
10180
5483
4973
8705
10086
4288
4450
4004
8314
10978
4206
1496
1466
5499
2325
8707
8057
1438
8531
10019
8530
4552
3726
5677
9739
2421
3348
5147
4758
1910
8729
10102
6523
3266
1996
6603
6857
9473
3721
10268
3124
4901
7665
8589
1794
10530
6055
7107
10929
1259
3827
5964
5056
3456
6052
7517
4023
10623
2599
3733
9199
1236
2476
2377
2120
3150
4450
4136
3844
6239
8094
5036
4838
6099
10730
7250
3187
5354
1930
8123
6651
10128
7234
1888
8038
6613
5995
5394
4707
1679
7163
3383
5076
1665
2913
8031
6365
8573
10396
4389
10212
8474
1243
4048
7777
5396
1875
9164
7357
8846
6079
10766
4382
9803
4748
10476
6413
10463
9851
2777
10725
4483
2116
3663
2305
7864
7852
6021
5420
3619
3484
5838
1678
2839
6456
6585
1921
5425
7887
8996
8724
10794
7262
1652
7347
1384
4391
1171
8102
8424
2052
3931
8630
5427
9227
8064
7999
9926
7372
8677
2456
8861
5437
3652
2517
8222
6364
3836
3676
6096
10571
7171
9115
10853
5444
4124
2226
7271
1108
5695
3331
4226
7095
10708
3268
10035
2646
10115
5503
10457
8809
1527
4081
8452
9607
1504
7244
3349
2841
9311
10292
10378
10698
1659
4337
6989
6666
4295
9600
6628
9960
4726
10174
1856
3536
10282
7875
3744
8145
4465
5188
8323
8329
6500
5216
2299
7552
10662
1014
9488
4056
10346
4925
2487
8443
5436
6042
9350
3637
7531
9422
7124
10352
6448
10197
7855
6874
9884
10163
5586
5350
8140
5285
1188
6589
2212
2610
3010
3852
3955
7905
4978
5988
4362
5056
5447
1115
8438
10964
4537
6859
2036
8825
8511
5778
6629
3094
7619
10099
5224
10273
4119
1974
4405
2894
7557
10582
4439
9805
10675
7756
3207
10333
9335
5611
6216
6031
5968
7044
2919
9302
1814
5125
9213
10765
4715
4609
9184
7855
7144
1706
1229
2995
7714
9073
5320
2658
9817
5781
2428
7219
7934
2774
3073
1096
3460
3864
9152
6113
7522
2241
7744
2550
1442
8251
1959
8898
3445
10702
4813
7681
5957
9673
4177
4834
6815
4271
5289
4037
6894
5854
10375
3890
2323
3905
3860
8530
2302
5541
7525
6921
1157
5398
7396
3404
2737
4245
2940
8127
5338
5006
10732
9803
9974
2843
1411
7003
3271
4500
2209
9153
5680
3266
7068
6212
3851
7328
6410
5870
3878
8144
1248
4395
8864
9564
8913
8620
10179
1259
1241
4330
6301
3839
3917
10060
1117
9152
7497
6386
9102
5383
6121
8490
6714
8483
2323
4926
6241
3452
2277
2437
4617
4820
1212
9831
6633
1908
4788
2273
2605
4715
3445
10424
7208
7567
3454
9850
4846
1575
4350
2297
1373
10933
7115
7379
9357
5296
8168
1974
5163
3592
2235
8086
1602
6791
2847
2218
2481
2796
10736
8148
8842
4161
10350
1298
9587
6155
2574
8611
4876
8989
3692
5948
5409
5133
3856
6919
8586
6730
3897
10324
6188
10213
6691
3591
4176
8427
7821
1034
5844
1921
10610
6439
3849
7129
5220
2817
9849
8182
9840
5063
9947
3532
7091
8359
7792
9955
1083
2898
5620
10566
10716
5259
3205
3870
2060
9594
7265
3792
2175
10456
8939
7093
8490
8595
8044
4810
2161
6258
2746
10015
4795
4710
8102
6761
10824
6216
2354
8257
6872
3418
3277
5003
6654
9982
10078
5528
8303
4927
9208
5030
9086
6609
9746
9097
6733
4524
9061
8481
9327
9740
4326
9305
1659
1582
5576
5609
1133
7080
10650
7756
7233
1040
4909
4148
8454
2430
4249
5079
4387
7748
7210
3619
8213
2891
1539
4660
1220
6414
8314
3513
5646
8615
5723
1160
2579
8457
9962
9218
3544
9830
1117
1322
1348
6897
2986
9870
2030
3778
5007
3419
8780
7887
3571
6073
5279
10488
9181
8122
1779
10175
2547
8493
7442
5959
8419
8063
4507
7514
1477
5154
2513
9510
4561
6679
3820
3428
10732
1046
7774
8597
2094
3732
5465
10296
9851
4697
7806
4646
5118
5604
5412
6237
6619
5954
7392
3281
6286
3599
2572
8246
2753
8678
3531
8776
6552
9150
9501
9698
3423
2888
5520
6817
2923
1395
8102
10936
1347
2605
6420
1524
8730
7780
9081
2613
5622
6862
8216
1851
4133
7573
7451
8318
3451
8989
9971
8233
6156
3426
8897
1254
5324
5850
2883
5671
7603
4783
6315
2586
10361
2878
1870
5884
4792
4426
1096
6976
1805
8995
9659
10624
3007
2579
8924
4233
5680
5236
1210
3948
7638
4479
9524
9966
10525
4834
4962
8645
1871
6555
1137
2252
6475
1586
10817
7889
3924
1055
4302
5618
1516
4113
6865
6062
2388
6591
7184
10502
6265
1824
4634
10053
7610
10694
10990
4375
7354
3394
1571
1125
5776
6228
6451
2403
1112
10665
8205
1260
4169
10860
2729
9385
5934
8857
2552
5255
8018
3958
1593
3746
1591
9113
5053
8309
10898
6023
2121
3828
3705
1742
3398
2497
8898
10800
7704
1505
3102
6025
5438
9631
4284
8971
5143
5281
8889
10627
1823
9298
3626
1270
2032
8286
1917
3157
3147
8136
4034
2532
7305
3946
5580
6746
7178
5752
4055
4126
4054
10497
9990
7667
2955
2678
8103
2935
6771
7178
9760
6923
2362
4130
2034
2133
2425
7579
6306
8499
7423
4858
3794
3054
9199
3360
6065
1656
8760
2678
4355
4515
10634
6491
7780
1723
7375
2763
5781
6096
5974
6289
10356
1653
3816
6025
10080
10769
7764
3915
5726
7084
10244
8699
4357
5307
9892
2350
10832
1990
4619
1605
5311
2112
3159
2929
7280
2825
7918
6694
9196
2609
2809
8490
3759
2223
4791
4231
2384
5980
6397
10117
5024
9071
10059
6699
3965
8768
2180
9457
6979
1371
6683
2028
8883
1944
7358
8614
3470
4091
8937
10356
3988
5714
5466
5990
5757
5397
6415
7391
6964
6275
4398
3351
10878
10559
3850
7076
7031
8950
8343
10283
2007
1231
5191
1838
7933
5164
7050
10009
9571
7878
4801
1993
4306
4578
5809
1842
10181
2375
8886
2784
9269
2798
2912
2955
2995
8121
10823
5601
3744
5924
10622
3736
2998
6902
10700
7066
1454
1531
8035
1498
5448
4811
3907
6409
6355
1488
8684
7975
6123
3655
7200
9049
5020
6869
6280
3707
8233
8115
5333
5855
4292
1737
9057
9743
3965
5573
6014
4905
3191
2599
2711
6169
9717
8998
1501
4948
2390
5336
3650
2308
7253
7440
2091
8543
1032
4064
9424
4677
2612
3052
1552
2157
5333
10749
8488
6682
10101
4301
3478
5134
10893
3596
1625
10536
2161
2952
1562
3173
3046
6556
6981
4127
9339
7461
4079
7055
10026
2885
3612
4773
4661
8162
6644
8727
9654
1688
9119
1599
2482
4395
10937
3873
3633
10524
8697
10989
3406
1840
1083
4697
10574
4429
9766
8671
2354
4649
4845
2693
9364
3326
2522
7297
4553
4396
3629
7142
7821
4074
3415
5113
7144
3886
10900
8798
2266
5340
10170
2193
4077
5314
10499
3254
8808
5897
2149
8378
5630
10688
2245
1469
9833
1490
5890
3257
5880
7994
9225
4666
2542
2759
9404
5724
2540
5349
3252
5559
3780
6969
4212
3218
1562
3572
5507
6861
2518
1763
1620
8013
5674
5659
3673
6082
4696
9968
10710
4716
9004
10006
7636
2334
3646
1350
2022
7176
4427
6960
2605
7350
3163
8583
4866
10797
2305
1898
7478
6736
5235
7663
9796
9580
10735
8412
3140
8534
8745
8154
7288
6850
7983
9187
6193
1133
3620
7982
4728
3380
7428
8648
6528
2627
7701
7052
2814
3063
9947
4273
2755
1951
5574
2015
3541
8703
7180
7381
5542
10202
4515
5609
9233
7293
6109
1326
9133
6186
9696
7423
9873
3111
2029
7319
2776
7586
3822
3447
7586
8408
9115
9978
3930
2382
3070
7954
9718
7330
4336
6781
3601
7005
10804
4564
5612
1555
4373
8744
7930
3730
5206
6681
8113
6863
4233
5921
8132
9775
6792
8489
1436
3571
2313
2696
9646
10131
8894
1240
6192
3420
7725
9185
10569
7667
9306
6705
4905
9349
2698
4747
4135
1751
6434
4041
1618
2631
10834
1731
3166
10455
5011
4905
3881
5033
5642
9859
9568
8061
1469
10032
2285
2720
5228
10726
5964
6324
4487
8086
1568
4816
6914
3066
1547
1809
3079
3493
6655
10165
2949
8201
9257
5342
4394
10175
4215
1433
7317
4503
8563
3335
10510
8063
1290
2400
3221
10320
5801
3629
9741
3625
5379
7536
7190
6535
7892
9944
1853
8338
4883
4776
10640
2718
10802
6146
5646
1665
10117
4917
10516
7505
10986
2789
4663
7670
3350
9986
8149
1287
8775
6810
7224
1852
4555
10072
5763
9855
5743
9235
6183
1772
8453
10124
5635
8234
4687
7335
4635
2881
1453
9909
7612
8383
6566
5383
9676
5763
6103
1377
8286
8015
8951
2511
1269
2553
9929
3709
3063
9692
2054
5075
6528
3320
3838
3964
6101
5771
3737
3753
6893
9312
9372
7637
4511
5437
3161
1726
8956
5914
2809
5424
10818
3780
7659
2349
10814
9850
4464
4391
2150
8396
4692
2761
10172
8336
9076
1556
6045
8873
2858
3347
2922
3616
8792
3915
9363
5545
3036
4207
4987
8022
7498
1226
3820
3198
8223
8890
8044
9999
10074
3052
9459
6572
1700
9596
1260
10491
2096
10082
4125
8061
5963
7777
10868
6018
10141
2474
5786
1631
4426
5088
9491
6837
3876
3764
8401
7671
2113
8519
5874
6341
5626
1340
2948
2585
6636
7080
3910
3044
8662
10459
7869
10702
9616
3754
8718
6601
2245
1059
1008
1778
5114
5109
5918
5564
7949
3022
1962
7416
10459
9035
6111
8763
10466
5522
1975
5770
8005
7535
3729
2809
9618
10890
2582
5849
9301
2698
3956
7060
4326
5821
9131
10217
5580
3872
9519
6158
7827
1123
3074
8132
2383
3161
9265
6200
8046
4064
2946
5402
1089
2219
1014
9397
1704
9208
7396
5015
9904
1142
5903
4727
10061
5578
10051
7112
2918
1497
2384
7035
8220
3997
4673
5190
5873
9687
9529
3601
2593
6694
8982
1579
3865
4839
4882
3457
1456
7039
7404
2967
6863
1995
2213
7804
7702
7884
10444
3572
8410
8071
5879
5692
1715
1427
3092
9375
3797
9779
1627
4865
4160
7231
10069
7094
3850
3913
8657
7674
7690
3535
6830
5385
7712
3074
7231
2351
8300
5306
6591
10943
7502
4547
5296
1595
7369
10332
1135
2613
7113
8149
2225
8953
9859
5332
6786
2804
6818
5163
1642
4325
7331
3860
6091
9854
5122
7407
2706
2646
4057
8462
2478
5041
2811
3767
3073
1082
3556
2752
1271
3980
4413
2251
3923
2618
3501
2066
5897
3950
3974
3067
3116
2906
9603
4030
10904
6428
8858
7106
8900
10356
3669
8205
10498
7820
9487
7453
4132
3478
4102
6349
3167
9018
4573
7626
4357
8554
3784
7408
5579
6673
6604
1718
3875
10132
6266
7497
8682
5448
3879
1054
2340
1410
9381
9725
4854
4528
1473
7456
6997
8376
1009
8535
9712
4007
10769
2922
10024
4417
5427
8920
1312
2361
1301
5179
10457
3249
8763
3479
6282
6263
5824
8902
5092
3572
10925
6918
5732
5343
5981
8818
4728
6528
9432
5440
6052
10469
10493
1762
1907
5627
5837
10501
5775
10583
5461
1028
6443
9801
1953
6171
1133
6799
2977
4182
5027
7675
8438
3523
5470
1922
8377
6167
9315
10313
5257
6702
2481
6465
8334
7792
8140
8107
4306
1698
9338
2691
9847
6642
10328
9695
8609
3643
8945
3590
4403
8557
9995
6796
8208
3713
2371
6390
9580
4925
1825
6403
3983
8946
5474
2060
7459
10553
7351
9165
10948
1343
10549
8083
3095
4596
3442
7178
3030
8197
7483
7061
6866
6279
10377
8535
8976
7247
6191
5022
9441
1222
5002
4556
4933
5312
10929
7732
7589
9950
8806
10569
9349
5120
7788
2040
5719
6434
2067
8248
10173
8561
8114
3657
10973
6034
10393
10210
4465
8728
3952
5226
5908
10589
7580
4293
9767
1240
1682
2152
6947
4603
5810
7494
3990
1511
8434
10135
6922
2595
4453
5407
3199
5249
6844
1457
2344
2599
5519
2612
5286
5159
2891
8382
7334
6357
6262
5729
4863
5329
10394
5260
1296
4272
2227
9783
3495
3310
9301
3283
4125
6644
3665
8216
6799
10583
10340
7969
6814
2159
3829
1581
1520
7292
10032
5421
4692
3352
1329
1720
6105
1500
2347
4659
6729
1147
4030
4672
9724
8474
3380
10349
4414
3664
2685
4618
8760
6488
3179
6702
8314
2268
1003
7380
6767
2033
1282
3020
3613
2833
3946
9172
1410
10718
6075
10101
6838
7147
8353
6449
10946
1194
10841
1582
3964
6499
1010
4651
3324
9173
4526
3557
6884
7771
1806
8147
1361
4249
8197
1360
7136
8735
3173
8804
9656
3523
5769
8353
7194
7211
10624
7240
7819
2615
5110
9448
7673
8629
10214
1272
3252
6382
7086
4824
4253
10036
7222
9846
10054
6926
9392
6203
2402
1376
6686
5149
5762
3560
5961
9745
8493
9962
3702
1863
7039
4320
3578
6606
5347
9267
4634
3950
8722
1645
4449
2062
4776
7204
7327
2734
7185
2789
10097
7011
7349
4172
5819
3641
4681
2678
9283
5847
7397
2194
3817
6938
8613
7539
5034
1940
8685
7469
2840
7964
9191
1909
2926
2280
1753
1133
7646
5443
5604
6977
4679
7120
6752
1537
4568
2833
4300
4868
1845
10938
2804
8766
6573
3312
6545
7990
6347
9555
3848
10649
9120
7912
2440
8101
6109
6881
9725
1945
8922
1605
10683
2021
1883
7723
2642
7543
9882
2009
6338
5065
8064
9400
9390
10609
6059
4828
6622
2548
1103
2606
4294
10316
5873
1646
4305
6768
8427
1641
8040
9153
3353
6343
2463
1414
7808
2989
7537
9115
8905
6080
2468
10195
7760
8944
5795
7564
7642
8509
2966
8758
9994
4534
2666
2375
9344
6880
4808
7706
3699
6169
10545
3598
10587
1885
5504
9652
7166
3060
5995
10077
2473
5943
9402
7455
1776
5922
8958
9667
1112
1136
1471
7508
8367
1003
2632
8807
4903
9757
7350
10972
4036
10194
8879
9367
4227
2870
10364
10112
7684
5822
2242
9665
6569
4431
9562
6081
6886
2659
9699
8995
2477
5389
3102
7282
7793
5656
1443
7796
8064
8780
1015
10382
9158
2830
7815
4004
1822
5598
4977
4553
4229
4274
4329
7744
1547
4126
10328
7380
8652
2911
9626
8474
8825
6607
3150
2420
9820
5170
10096
10081
6534
1096
6524
6579
1793
3646
6472
9764
2771
2911
9937
8333
10253
9500
2943
1258
9958
9873
1859
8442
2494
1533
4403
9173
6508
2025
9766
3380
5808
8435
5460
9126
9838
6890
2977
2004
8120
9259
8504
6748
2507
9241
1904
2671
2475
5729
3867
7577
3903
8241
9037
5558
8044
5634
7816
7205
5511
8454
8820
5945
3273
6845
3419
10522
7767
7591
2751
5880
3947
2903
4559
6132
8562
6790
3830
4176
2466
3358
2573
3782
3924
7414
6512
1934
4869
6069
3013
1358
7109
7445
7945
5999
1691
7313
5380
2556
3843
8243
9707
9734
9933
4649
8261
5911
4972
7661
5714
10437
4562
1604
1189
2704
3745
7413
2575
9386
1543
9412
2323
1503
5626
8239
8493
3582
8114
10651
4726
3928
9546
10444
8863
7697
2402
3916
8967
8162
1438
6537
8747
6782
2650
4791
5348
7827
6360
5889
5199
6726
3346
2740
5574
2542
8217
1663
8432
8088
2381
1504
7656
9119
6202
5913
8122
7136
6772
2038
8189
10607
4553
8898
10205
6107
4426
5176
1152
5092
6581
8318
2100
10964
1174
5097
2380
9180
1200
1802
3369
2012
4573
10388
9507
3815
4971
5668
8619
9907
2519
2427
3916
6361
5767
8468
7027
1973
5620
6201
1332
2967
9501
2774
9130
1490
2959
4858
5324
6673
2882
2353
9195
8925
7304
1448
4849
10585
8489
10636
10219
2568
9521
7268
4947
5657
5946
3338
6288
3691
5383
9519
10290
6960
10086
1234
2159
1610
4288
10972
5959
4386
3500
6514
2896
4381
5897
7482
6277
1767
3292
6619
1228
2288
9033
5244
3376
10531
6546
9516
6126
6003
6957
2538
6722
2328
7925
8961
9167
6315
5107
8408
3024
7803
5869
7063
5788
6546
1282
8960
7964
10347
7778
4000
10089
1094
3270
1901
8063
1235
10851
9808
7740
7660
4579
6844
2235
8760
5509
4715
8278
6557
9834
9608
3445
3336
4648
2453
8139
10034
2431
6000
3825
7066
1836
6664
6244
9552
8750
1821
8032
5131
6335
8342
5734
3814
6672
4075
10841
8147
5723
9428
5977
5754
4523
3832
7726
1229
3426
6983
2217
6501
9783
10914
7232
2973
10412
3165
5458
6806
9594
9776
8584
2436
7019
1890
4669
3616
7501
10419
1018
2567
9260
8513
3687
7425
1815
7873
2267
9186
5493
10127
8555
3468
2815
9668
2378
4362
1665
2176
1236
4527
7901
6577
4898
10164
1417
7545
9906
1364
9729
2682
9969
5436
6399
6637
2618
9185
7118
9762
9463
5026
1726
4404
8582
10274
9029
5636
3779
3827
10013
5959
2685
8336
7728
3741
10485
3709
5159
5095
3298
1943
5981
8311
6371
9241
6575
6809
7985
9453
2619
7872
4698
7849
2350
6515
3116
2018
5378
9978
3640
4117
2347
8875
8939
6730
7337
8355
5580
8294
9410
2011
10922
8786
7116
9371
8976
10082
5893
2791
2460
1068
2255
8681
6301
7853
9416
2936
8692
8887
3202
5851
1719
10392
8533
2649
8095
9379
3365
8260
4462
6677
4616
10244
2130
4750
9113
5466
9590
10175
2251
3889
9160
3711
1489
8265
2000
4822
2934
5329
6082
2613
3323
6771
7402
2291
9698
5450
1254
6790
7161
8681
6145
4458
6726
5805
6102
5817
4630
6440
8747
6149
9093
8694
3064
2669
7284
5136
1680
7649
3016
6094
7444
8193
4631
3174
10610
9226
6527
6360
3451
1160
10656
8668
9212
2696
1561
8715
5916
8510
5754
3040
6490
6214
8123
3085
1388
9729
6987
4164
1768
9396
7733
6231
2050
5393
9831
2696
2286
7033
2749
3474
1500
3931
9234
10866
3354
3618
2978
2469
7667
9091
1416
1023
3410
8988
9940
5195
6183
8489
6560
3838
3171
3470
9929
8250
10923
9850
5652
3561
3476
10983
4399
10110
2977
2314
6818
1950
10562
7102
7812
4138
1618
4747
1212
8988
9025
6777
10651
2916
2152
9427
5975
6488
7394
9766
3331
3495
5342
10187
10555
10553
9422
4881
3997
1728
1098
4517
3518
10852
1818
5752
10371
7575
1295
8528
8629
3090
10989
2764
2238
10149
10417
2118
6420
7888
4450
4375
2601
6504
5583
9974
4558
7139
4698
1501
2124
8429
9558
1993
5709
4819
5065
7589
4599
5564
3619
7516
7919
10669
7451
7249
6708
6376
7619
8140
6778
10096
10174
3241
7944
7952
3174
8315
6640
9650
7368
10420
10462
7680
6100
1437
2610
1847
10172
6060
9367
1434
4363
7508
2870
9914
4445
3492
9339
7411
7100
5830
6644
5585
2935
3591
7344
9085
8020
3504
3526
8539
3721
4052
6354
4109
1153
10413
4488
6102
3187
6848
8825
4133
6493
1664
9864
6554
9969
10287
4560
7779
10352
4213
6186
9392
6915
7882
1271
4508
2786
3267
9280
7588
7422
7641
8769
2266
6124
2494
4212
9031
9933
5855
2428
2986
3672
1333
1834
2806
5062
3187
9882
3561
2317
1553
8088
5984
4390
10426
9284
1055
3253
8096
4082
6725
7515
3489
4842
10974
5192
6795
5096
9269
10552
8997
3369
3730
7313
1657
7459
8717
8642
5254
5950
3196
8473
8661
3898
6901
7159
10797
9181
6972
1967
2180
3789
6688
8415
8448
6416
8042
10430
4702
6783
2735
6918
1247
6114
4524
5704
5900
9944
2113
6456
2013
8383
10369
8649
10471
7864
8075
9760
2252
1035
3827
7196
1884
6852
7747
8286
4210
4936
3727
8386
5537
9902
7537
1708
5715
10202
8130
10653
4318
8770
4161
8549
6864
5534
4557
9749
10803
6340
10795
8568
2327
8847
5099
1154
6334
1245
6660
5562
4033
5254
6597
10075
1410
3673
5111
2831
3870
1861
3426
9489
8848
6602
8239
5178
5758
1823
5767
5600
1364
1673
10532
2699
6497
1107
5616
7154
1401
10946
10247
9666
6066
8524
1750
1323
8660
4108
7047
10097
7543
7405
7647
7892
3170
1978
6806
3157
4325
9891
8653
3343
2093
8194
2433
6334
1972
1092
2360
3443
9870
1959
6236
3863
8624
5664
3332
8942
4932
2168
9510
3711
8659
8659
8806
3039
7429
10991
6546
7959
3445
4440
6222
3428
5650
4274
10839
6604
2211
7390
5288
7749
2129
3460
9342
8754
3451
9337
1646
10039
4147
2259
4781
5084
10384
2791
1539
4076
6816
7787
2680
5461
3797
10194
3401
5496
6080
9929
10713
7941
5863
9201
2983
8678
5307
6697
4987
7036
8797
8074
8563
3508
9101
10403
4460
5446
6491
2785
7117
2427
4246
3234
3270
9868
6687
5949
1263
6137
10637
6921
4927
7013
5072
3337
5181
2570
8382
7861
8382
9161
1855
1047
1357
4836
8885
5338
2727
8867
6052
5289
3334
6372
6476
2947
8253
10426
5987
7397
7418
4947
8181
10848
10765
9591
5646
7947
9451
6312
3733
8526
4852
7449
5567
1409
2448
8010
8369
6225
3877
10749
2748
10009
7953
1100
7891
5185
1032
4875
9359
4935
9946
8711
7884
5403
7760
3694
6884
6240
9089
6393
4103
2366
4087
4049
2372
9466
1133
1627
2264
5118
7974
7431
6025
4746
3408
5236
4382
3048
10800
5385
5468
8120
4905
2617
4331
4300
7076
5601
7056
10521
6367
9509
8595
7162
3950
3761
2115
4746
7531
5301
7905
9306
2065
9018
1398
9369
1670
8449
3957
3044
8732
2250
10914
8136
5912
6571
6900
6430
9592
7624
5509
1952
2497
5993
7645
1700
9915
7378
8937
1639
10344
4100
8474
8349
5134
10488
6917
1755
2025
3233
9996
6287
7370
5074
9227
3478
1258
10028
5582
3669
3258
9657
5211
4898
5782
5099
10717
5372
4814
5644
2239
9471
10785
7732
5689
9438
3535
2179
3522
6680
3763
6348
3914
4001
5569
8155
9715
2143
5692
3706
10207
8288
2639
10850
1084
10737
2998
5315
6660
3014
7746
7311
10768
7676
4349
3629
6447
4208
8708
7301
7081
7490
8679
3317
9427
9411
5009
4573
7312
7639
4137
9976
8603
10346
7441
8955
9802
4510
4260
9538
2964
6411
5653
7424
1251
4324
4828
5642
2516
6516
10474
4188
5266
4527
1561
10909
8572
3051
4100
7665
7803
10684
1911
3584
9568
9535
3140
1237
7212
2993
5731
1338
3874
9086
2023
8554
1808
9089
1545
8009
10728
8226
9299
4697
1486
8694
7121
2632
1921
4744
2435
9199
5262
6573
3610
9999
6487
1790
6498
4759
4256
8009
5775
3354
9408
6624
5945
1202
3140
1696
8745
10337
9229
2270
8809
6226
8211
1139
5969
5249
3219
3228
4732
10881
2762
6682
1264
5198
8106
1660
9326
2493
4584
7925
10555
1355
8829
5445
10172
10117
8480
4698
10218
2484
2501
7866
8100
10383
6493
7040
9971
2518
3464
2850
8420
3859
4990
1202
10315
2584
1034
5141
3431
8829
1216
4564
2051
6196
6919
5081
4500
1377
3976
3692
5817
4494
7763
8413
2235
3411
8943
1645
7995
5295
4635
2624
9410
7470
1514
1815
9925
3418
4030
5702
8166
10962
6559
3124
9012
7071
10027
5615
1332
7577
2387
5009
8635
2694
6554
10355
3037
8764
3142
3955
6874
3597
6715
7642
2752
2499
2515
9721
4993
6994
8665
2102
3195
6923
3481
4973
4238
4121
10682
4875
3478
7920
3448
9992
5110
10844
5938
2611
10082
10344
1705
7040
1043
8763
3047
10573
4699
4878
7018
3627
3263
6470
9149
1252
10256
8402
6051
5248
8608
9586
1710
3798
4392
2063
7784
5266
1122
5933
1527
7773
7261
10017
1824
2374
10713
4013
5225
4571
10743
5110
9288
5218
10813
2878
8693
4240
6845
2908
8368
8488
1408
6054
3336
9300
4324
9415
2418
1793
4737
7933
4385
10170
8983
9472
9013
6645
3564
3898
2213
7760
8034
8608
5494
1792
3953
7376
4709
5257
2098
3263
10319
9054
9256
7359
1016
2540
9895
8815
7443
3970
4783
9478
10293
7364
6112
3971
10204
6216
6235
4458
4251
6546
1416
4076
9026
9370
9381
9325
2495
5063
7330
1863
1875
9706
3507
3120
2284
9502
6869
4752
5529
8422
4581
2833
7463
4723
5705
3523
9891
4693
1819
3381
6347
3772
6102
9024
10797
8295
10766
8723
5378
7837
7384
4616
9750
5507
10700
2298
7848
1125
9395
5576
1427
10353
2890
8094
5651
3420
7593
3975
5018
3788
6606
8511
6106
9613
7023
1295
2216
7511
7143
4198
10887
4532
1151
4491
10432
5160
10955
4375
2237
2914
2396
6675
3700
2579
4785
3934
8130
10922
2174
2939
4950
3029
1016
4927
6480
4102
9488
3306
8102
4103
3070
6549
4665
7917
5739
7715
1479
7187
2067
7689
9570
7876
10193
7331
3274
2680
10346
2295
7032
6191
5454
6275
4115
10329
1399
4934
2729
2965
1904
5642
6478
9772
1876
6963
8469
6176
3378
8194
4573
6476
7635
8914
4743
5566
10634
1968
10881
5227
3980
4688
9506
6197
3045
8820
9959
3788
5564
1708
6951
1968
10043
9061
9361
5893
4184
7028
4268
1987
7798
7804
1214
9501
2591
6488
1575
7331
9081
10422
9170
10892
5577
5362
9128
3649
3597
4391
2148
4438
3967
5077
8329
10648
1365
8024
9454
10177
2098
2492
4026
7497
8487
3959
8699
5395
8825
10918
3490
5608
8531
4968
4589
8096
4590
7415
6539
5406
7925
2811
1629
8820
9459
7198
5312
2348
9415
1422
8308
5998
1835
3415
6539
10161
5837
8805
2871
6394
8201
1064
4742
9208
3566
1151
5117
1371
5703
10978
2074
4271
6364
10889
2932
2488
1157
4769
10486
6072
4497
5967
8476
7918
2336
6276
8166
10513
7883
2103
2047
4368
6240
3378
5831
9515
2114
4984
8905
1248
9571
5488
10977
5114
6931
2126
1819
2912
1139
4889
8849
8827
6708
1490
8610
5318
5327
3822
5016
8976
4021
9909
4406
2530
5350
9063
4394
10262
4256
7859
5565
7653
10714
2875
5768
8255
10488
4864
9274
6486
7280
2968
10349
6719
5195
2383
10574
6324
5523
1555
2058
8580
2591
10159
4952
5202
6905
7406
9678
5887
7920
8630
2921
9302
1087
6746
3502
1294
9652
6473
3578
1141
4072
6767
1559
6815
4866
10469
10114
7392
2813
10642
1037
2495
5264
1135
9601
6704
10730
6400
8158
2186
7778
1687
6052
9591
8925
1395
7788
5524
7386
7433
4628
4279
6430
5289
6150
7278
4693
4290
8419
4345
6465
2294
5009
5995
1700
5020
4762
3976
2320
8769
7053
6921
7223
4708
1303
7431
5146
1244
2371
3252
7390
9224
7515
3273
6318
6055
4296
8357
9939
5969
4269
4898
6591
3811
3696
7519
7252
8925
2881
3289
10858
8943
6827
6099
9119
4751
1460
4337
1817
1947
2999
8072
1286
3896
5989
5203
2351
10827
4686
4597
1601
3752
10119
1788
6348
9286
4885
10956
3820
9309
1304
10720
5122
1020
2859
3427
7644
7324
7807
8333
10551
8633
4611
5312
9309
5533
8372
9782
7260
7933
1777
9538
5057
10342
8650
3109
7212
7815
5018
10197
4978
1522
10933
10078
8242
10257
2266
4762
8579
7370
5576
4690
3948
3361
3554
6251
5745
3087
6044
10468
6857
9713
6500
10924
7523
9873
6031
9094
9413
1691
1427
4575
7014
7339
3097
9406
8255
8547
6410
9392
2169
9669
7462
6403
5649
3330
8738
5489
2521
7226
5831
4819
8267
8330
10712
10722
6611
7869
5582
6637
6858
3719
2804
6611
1635
3390
2231
8813
5362
6495
9763
8954
9619
4146
7164
4671
10715
1325
3021
4961
8732
8698
8420
1374
1391
7857
7686
9069
4891
10989
1288
2538
5995
3403
9931
1550
8260
1596
6893
10812
9614
3293
6113
9585
2573
7185
7988
7529
9434
3909
5753
9491
5634
4051
3425
10316
3689
7516
5136
8247
1331
5640
8941
6661
1112
2764
8934
10375
2960
10548
2960
4809
2815
2408
8794
1719
5968
8120
3120
4690
5984
8014
3950
9051
9953
4113
5159
8189
3618
3889
9762
2871
4901
9103
10891
9250
3845
9428
7035
10112
1520
3656
4211
10648
4180
1295
4193
7768
6268
1682
8704
3669
10502
7654
8644
5886
1579
2636
2177
9974
4468
4995
1038
7339
8387
6533
1392
8426
1512
10223
7085
4251
1176
7283
5155
7077
3201
5494
10400
9331
4400
1789
7416
7380
8882
1373
3511
9988
4724
8554
8056
9876
5977
5735
10069
10545
1764
5501
3803
6511
3610
2032
7841
9164
5815
7550
10115
10401
5872
6455
6675
8089
10991
10117
8999
5556
6909
5261
4255
1229
4751
5660
3695
9656
10956
7783
4009
7257
9838
10224
1523
1533
2669
4605
8574
8065
3744
1650
3087
6780
4636
10007
1182
3051
8111
10807
7629
5392
8474
9509
6537
5663
3115
8860
5545
1350
6556
1250
2555
2957
1655
7769
5898
2193
2851
4996
5169
5279
9846
8096
9424
2093
3944
5656
6167
7755
8595
10022
1207
1379
1988
7764
10790
5573
2209
8741
2364
9994
8354
10236
4229
10429
6111
1204
9529
9352
8776
3094
8275
1160
5331
5032
3461
8208
2629
3854
6887
5033
9710
1069
2660
10907
4885
3991
5174
6353
6789
10214
10108
4332
8064
5367
1085
2304
1413
9714
9784
7398
5279
3120
10917
9231
4291
8132
6383
6588
7068
7984
8100
3591
6292
7318
8831
10355
5326
5862
5705
7416
1840
5061
10519
3468
6142
2791
4555
4136
8630
9871
7779
1311
8113
6769
7022
5912
7629
7440
8113
7162
2014
3077
6421
6643
2253
1649
6894
1807
1242
7982
7297
8598
2361
8841
5182
4878
2864
7956
6140
10838
3491
5334
4069
10998
1900
4653
5677
3150
2988
9117
1711
8828
4239
9621
7413
1600
9240
8379
3435
7756
8549
8337
9600
6922
10776
3766
7502
3377
8213
1704
3676
1485
9617
5926
8120
8190
7027
3855
10075
10575
3144
8173
10224
3827
7525
5001
3133
1640
8175
6116
2073
10323
4704
7527
3230
4385
1286
6157
1001
5865
10294
7726
6370
5019
2902
9871
4486
2344
9066
10556
9560
10622
3457
3841
8632
2865
1404
4161
5429
9429
5266
7430
9321
2237
4839
9302
6065
4636
3333
6466
4081
7485
2080
3735
8687
3085
3657
8304
10882
4722
1361
9358
6144
1438
8197
7662
8572
8904
7160
1003
5295
9676
2031
6649
10307
9856
10014
10582
1872
5377
9069
7034
10735
6568
9442
1784
10256
10561
1434
10179
3309
3490
6365
1253
1282
4680
7081
3764
10285
4734
4804
2903
7152
8621
9667
2699
2820
9224
10559
8755
9443
9928
10849
1273
7898
10844
8326
7865
10694
6388
6309
3919
3307
9253
6213
1521
5001
10144
1120
1713
5014
10393
5772
7197
10971
9642
4129
7620
1157
5008
10019
6857
10189
8252
5633
9264
8687
1361
10311
5550
2651
3652
5189
9798
6255
1509
6952
7447
2995
3012
1018
10507
1258
4973
8308
8004
3327
8410
6509
1176
10987
9795
7712
3738
7775
4794
5324
3780
9573
8709
3433
7794
4208
1817
1163
2049
5806
6602
8417
2376
5831
10552
2893
1765
9615
7579
7900
2085
1303
7569
9590
3636
10644
10203
2238
10918
8897
5808
4639
8939
9356
4878
5158
1674
10989
7792
1200
3340
7128
7323
9726
2604
6514
8964
1358
4986
3825
9252
1895
9250
10289
9792
4929
6889
4344
1262
8191
6424
9353
1109
10934
7667
9261
7455
7696
9093
3497
6291
10079
7565
5277
5403
2094
10522
7747
1167
3957
7070
1664
1932
2334
1869
1635
3734
7088
10748
5660
6799
4126
10520
10855
10660
8640
6018
8130
3860
6216
3927
10654
5754
7198
7004
2192
6726
8175
4771
1027
2699
7456
3585
1995
5815
9612
5229
8263
7995
7200
9948
5834
1307
6130
7487
10789
2866
5871
7556
10239
3498
3824
10238
1043
8200
1343
6838
3452
1587
3359
1038
5067
5388
9112
3263
10395
2915
10576
3727
7098
2544
7065
9063
3426
10863
2006
7985
6539
1783
9823
10827
3881
1185
8282
1905
8793
2056
7065
4468
9952
7188
1251
1829
6768
1932
5811
7654
7395
8326
4829
7720
1953
10822
2052
7241
1564
7979
5994
7446
10520
10440
2021
1313
9494
4893
2700
5040
7455
10308
10532
9968
7130
7921
8620
6440
10106
7889
4441
8873
8365
8399
2407
3920
4138
9623
10720
10487
4367
7271
5817
2752
10154
10583
5174
5375
7945
2357
6276
4348
5861
8908
2426
9365
8536
1048
7059
5717
2596
5300
4713
2390
1450
1632
2899
4591
6379
4763
7316
1121
8245
1517
10471
4757
2532
8320
4061
9472
8599
9076
6045
10549
2677
9828
4055
1180
1659
1314
5234
10585
6862
10292
6200
5606
10321
5633
9173
8962
9374
4697
2253
6448
10536
3311
2527
9027
10169
6583
10743
7932
5484
10189
1252
5214
2058
6776
7018
3151
2186
4520
8764
8702
6751
3695
6726
9320
6157
8073
4798
3048
5534
6993
4714
1810
8596
8435
1922
6948
2616
2949
1005
4928
5582
9901
5284
2495
3952
10746
5243
4126
6296
3408
4655
8786
7344
9348
5378
1889
4052
4326
3047
10317
6159
5891
4096
7217
2259
2909
1363
4168
8154
7628
9350
6482
1210
4851
6320
4318
2027
4258
5247
5941
4519
4846
8719
2441
9304
8362
9280
4467
9114
3219
7665
6029
7655
5488
2270
9283
2400
9855
7972
1105
7636
5398
7387
10275
1810
1628
8073
6439
4076
9155
4391
10088
1646
5179
4849
9089
9573
6736
10988
2834
1084
9947
4511
10516
2313
3911
8809
3925
10917
3202
2996
9620
9421
1639
4887
3137
6332
4008
6864
6741
4015
9182
9848
10409
8414
3340
10832
2921
8028
6054
1405
2006
10893
2077
3850
2703
8732
8373
1987
6290
5197
2754
2193
4819
3235
4911
8436
4147
10250
8561
3251
2035
2164
6765
6751
4803
10214
4838
5398
2968
8422
4249
9279
2967
10376
5971
9036
5104
1803
5304
8417
4681
4415
9456
3259
2686
8203
5737
1941
1846
2977
3355
5306
1654
9494
9467
7907
5806
5448
2101
6632
9823
1760
4445
10165
5030
2456
5026
1217
3853
5069
4480
9950
6399
6374
5153
4541
3622
6180
2878
2875
8219
9207
6757
5847
1632
10043
10392
7494
8011
7889
3961
5749
8174
1449
7242
8719
1315
5963
1382
1164
5925
10867
9908
2396
2493
8462
3272
2945
6763
5547
4033
9062
2843
9374
1821
8272
1277
2055
8119
6213
3537
8331
7372
5143
1309
9801
10765
6535
3597
6492
10537
4466
3500
5978
1291
6819
2550
6711
10219
2108
9904
5754
8296
3702
8582
4249
8014
3570
7435
1736
8999
10782
4346
8095
6170
1407
8118
10867
7244
10598
10122
10699
8248
7555
3365
10156
10649
3394
9336
10321
4506
1497
5278
5835
10753
4422
2748
10008
10226
5764
7547
2005
1763
2819
3550
10064
3283
6489
5331
5838
1775
4573
2121
5440
7512
7659
8732
3292
6808
4546
1356
8651
7869
5977
5329
4930
1999
10613
1686
7086
8157
5989
9377
3831
4888
7603
7668
7679
8215
6040
7259
7306
7470
9203
6289
8905
3223
10845
7090
1627
2638
2748
1286
9021
5877
9639
6121
4439
8433
6419
4446
5094
6851
1638
9967
9888
3855
6941
5133
5152
6587
6834
6694
5426
2603
7128
4779
9741
10651
4734
2125
9929
7431
6245
4196
8275
2105
1509
10159
4798
6092
8917
10071
9371
10375
8558
5667
3669
3873
1189
6789
1478
3500
4110
4060
1442
6024
9871
7751
10778
4573
4663
7096
8014
5479
10673
5371
9519
8412
10265
8826
5681
7973
2729
1767
2416
7183
8459
6881
8909
3997
5944
5651
6258
3899
4517
5972
4670
7470
9050
1710
5794
5576
6662
3432
8019
7096
9661
10907
6388
7164
3525
7694
7852
10732
6188
3716
9641
1413
1832
7837
9923
3643
6667
3247
8856
8495
3801
8894
5725
3873
9676
9890
6165
9951
6221
7404
8258
8332
4759
2837
4354
9735
9132
8992
6235
10513
7302
5753
1234
2910
4965
9716
8101
2529
5088
5151
9326
1218
7625
10539
3125
8471
1417
1854
8374
9880
3958
5765
3787
10275
9334
5208
9020
4799
9767
3216
4290
7639
5535
4221
6641
3358
3832
1473
10551
9292
2396
7505
9310
6618
8456
5180
4291
10927
10535
7478
9728
6837
6394
9739
8944
3073
10314
7111
5738
2416
6972
8441
6220
4489
1186
2613
5641
9013
6220
5081
7392
2319
9704
6172
5663
5735
4373
9231
9001
1935
3384
5047
10300
3252
4168
5960
4955
4697
6110
3645
1524
2592
10832
8487
7726
5488
10021
9192
4675
2820
2624
9872
10357
7995
8588
7486
7696
6283
6967
4462
4664
2519
4603
5093
6773
4289
7446
1564
2918
4607
8866
5960
7739
5437
5158
9162
6676
10144
3669
5737
4513
9852
2978
9083
2346
4071
5375
3911
5345
7108
3284
5437
3532
4082
2791
8401
8482
9002
9122
8914
6523
7262
6644
6009
1336
10399
9414
2263
9232
2620
3621
1944
4404
2007
5563
10294
1883
10166
4442
10857
7868
2233
4760
9053
10489
4941
4456
10179
7400
1320
9042
5171
7799
1743
9883
1141
8281
9362
1553
3284
1473
7772
3084
1175
5338
6197
3489
10913
8980
4189
9422
6372
10938
2177
10081
4156
1188
6773
9993
5999
2636
2432
2858
4929
10984
10127
6711
9721
1465
5629
7918
2277
4455
4278
5948
8009
8557
9424
4184
1399
7335
10432
8918
5760
1504
3800
3695
10240
2939
2357
7915
3502
1508
7284
9050
9979
8226
5247
4004
7141
5577
3530
7805
2728
8142
2019
6176
9169
7603
10634
8569
10609
6404
7895
3696
5695
1408
9600
1097
5262
2098
4729
2865
5899
8180
8119
7640
9607
2788
7435
10211
5054
4302
3235
5175
8625
9030
7501
4627
7983
1151
1990
4444
4795
3542
4275
10437
3612
9613
1066
3489
7418
2897
3685
3641
4152
9232
10774
7118
4260
8549
10245
2287
10076
3308
10152
2244
10638
6036
5986
9329
7216
2298
8628
8092
6738
5088
4568
2650
7044
9406
3889
6133
9080
6293
10403
8755
2348
5967
4575
3416
4486
8434
9449
2115
2508
2816
8906
6413
9905
10347
4616
7348
6421
8090
6394
4458
4962
5688
2426
6830
6292
9386
9072
6963
6054
9380
10188
8197
9051
7457
6481
7298
1608
5346
9835
6288
7616
6343
5478
6677
10848
10372
5215
7267
10976
4935
6043
5274
4756
9585
5542
8333
8670
10154
9577
3004
5106
4097
10818
5888
8437
1122
7928
7816
3045
3346
5500
4303
10006
2276
1737
6285
10356
6951
3826
9291
7637
4378
9283
6906
6906
6239
5663
2870
9305
5298
7226
4028
1479
7403
2198
2938
6899
1333
5948
6884
10334
6416
9872
4645
9347
9781
9915
3054
5742
4038
9950
10899
6636
1526
6894
8232
8212
7173
3096
2933
4813
9764
6480
7932
9763
10144
5877
1111
7949
2904
6993
9519
4058
2310
5198
4867
6961
7496
8061
4093
2011
8334
6909
6517
6386
6637
8107
7507
2055
3184
2142
2251
5718
2759
7039
3204
1087
7465
7241
8745
2271
2278
9570
8444
5383
3798
7758
3099
1880
8979
9952
7115
2437
9565
8587
3686
6751
8090
6570
4776
2421
8869
4044
6450
4327
6836
9413
8310
5534
9907
10124
6387
9996
3730
8794
8337
10200
6515
3842
9767
10528
1842
1399
2467
7079
6784
5765
2737
7964
10740
4375
2848
2892
5170
7310
3768
4746
4174
10952
3530
5682
7891
2549
1870
3516
6377
5642
7388
2251
6537
2220
10801
6601
5419
3938
8481
2843
6433
1227
10122
2302
10409
4631
8117
3519
5320
4452
4395
9495
1818
2769
1547
1266
1739
1547
3499
6044
8001
9933
5617
1229
9164
7652
5313
8994
3731
8011
10072
7871
9126
10338
1449
8754
3567
6584
6558
4841
6653
1796
1744
8443
5474
3057
9325
9783
5306
8427
6529
10169
4522
5452
6364
5935
8527
5775
10519
7546
8020
3688
7263
5989
9793
7721
4089
8430
3811
5448
5374
10179
9370
9084
1879
7361
6131
5704
9299
5554
5912
9409
8994
5532
5381
4456
6862
8733
2365
4827
5804
6048
7615
4115
6625
5408
3709
1939
10817
2240
8608
1011
7672
3553
3302
3876
9506
5294
1722
7193
6635
2881
4807
8386
1793
2575
7225
8653
2484
2324
9696
8876
1491
1977
7127
6346
1521
6846
2530
6714
6820
1746
6231
8742
3151
6154
2116
10341
4863
1477
5106
4096
3252
7440
5478
7071
9267
10931
9496
7146
4704
10232
5028
5716
2755
8714
9255
2679
8777
8506
2107
8586
10251
2321
9242
7481
2235
3134
10517
3785
10924
3161
3848
8675
5597
4207
7746
5410
3720
2533
5455
10330
4696
2531
1188
7904
9217
1308
9970
9597
8918
10477
6855
10008
7285
2687
2389
2174
5421
6731
10255
10111
1519
4931
1078
5628
4151
6978
8934
10016
3095
5253
4095
6604
9753
9199
7571
10551
7317
5282
4986
5343
10926
1073
10112
2653
5446
9135
9660
3041
7587
1840
3354
8944
6902
10436
2034
2314
8777
6004
5474
2402
5769
10219
4431
1368
6423
5013
1175
8427
5400
4555
6410
6250
8883
4784
9037
8198
8168
4979
6913
5950
10075
5876
4969
8389
2496
1487
10832
9956
2984
6762
8195
6352
6997
1671
7456
8972
10477
10055
4574
7202
3601
7251
5079
1761
1293
6737
8120
2010
4185
4420
8418
1993
10745
7025
8890
1706
2583
10186
4521
9451
10339
5397
8624
3419
8969
1269
7558
10005
3428
6283
8355
7282
5137
4232
4862
10787
7125
7801
6193
9840
2550
9184
6507
8102
4838
8388
4283
10932
1501
1687
2457
6716
5983
5653
3118
3450
8519
9847
3282
1939
8902
2113
7472
5391
10957
5543
2691
3732
2168
5202
5677
8896
9416
5047
4170
6900
1561
9158
1635
5182
4961
10651
9779
10313
5997
5447
6223
8273
9842
5217
8024
2393
7694
3515
6095
2599
4935
2278
9555
2407
6682
5490
1072
8901
10673
3113
2398
6560
5575
1847
7033
2085
2767
2493
9571
8975
1985
2879
2378
7951
3872
4980
1200
1153
7315
7838
1949
9905
9661
7583
6538
4464
9117
5996
7829
2676
9972
5651
6662
5286
10105
8710
2418
10443
3061
8575
9379
1598
5151
2095
6371
4597
9387
5019
5965
2860
5214
9635
4601
9087
8148
6069
9084
6974
9140
9373
10988
6618
8106
10839
10299
8000
5638
1460
8716
2163
5206
3166
2395
5819
1798
6439
4802
5833
8873
2715
3138
9563
2623
4439
8924
9697
9826
6976
3536
2286
5959
3626
7951
3489
7358
5163
10311
7010
8553
6271
2192
6309
3542
7614
7521
9937
10261
1717
6929
6097
8227
6526
3238
6326
1319
2516
8877
3122
1745
9256
9840
6929
6859
9275
6490
8830
8523
8768
3009
3598
4336
5540
7489
10096
6647
2810
7499
10300
4315
5864
2369
6870
8434
9854
10734
6186
7805
1565
9759
4120
9130
3969
4198
2570
5235
4618
9844
1641
3554
3754
10316
1055
9189
8500
3850
6612
10572
8126
10899
4095
1945
3957
1977
6443
2853
9945
10497
2225
6100
5393
3579
9339
9734
10583
9741
3836
1988
5259
3396
7003
6599
9632
5066
10079
7153
5248
2779
9642
4943
10704
2984
7805
7837
7495
8959
4593
5971
9545
7073
8120
8202
9918
9182
4814
5564
1526
6334
10019
9390
4899
8455
7151
8980
4652
6868
7554
9190
4922
7155
2679
5150
5825
10638
4699
6923
1869
3071
9270
10753
8284
8041
8520
10369
10526
2627
7870
2005
8404
7781
10170
7502
5652
4420
5218
3617
6666
9698
10473
7299
10905
4691
3684
8089
9476
8541
1688
2531
10585
8754
2239
3826
3746
5047
1026
6173
9054
10476
5948
4140
7759
5902
3360
6924
1544
1687
9716
3977
6668
1507
7641
5591
10708
7584
1939
9492
5978
5236
5128
7632
10376
9856
10330
5750
3419
7276
7172
2020
9429
1643
10223
4938
7891
1049
4256
7158
3302
4261
9689
1805
8878
5035
3747
1803
6984
3241
10578
9022
6230
9154
9424
6111
2964
7824
1006
9630
6261
1854
8579
5538
1166
8383
9282
10659
5995
2418
6532
7077
6869
5168
2612
1096
2098
8522
8162
2890
3955
10836
1569
1450
5743
10548
8567
3783
7367
3324
4407
10331
6322
9832
4518
7721
1866
3310
9865
4316
9520
3441
5543
3753
10326
1946
6080
4858
9646
3437
4452
6650
7130
8697
6759
4077
7318
1588
6528
8487
6851
3130
8877
7297
2042
7945
2423
7873
10005
7002
10849
7878
3725
6699
8387
5144
2382
6032
5979
5729
6956
5091
10640
3874
3143
8879
8956
7206
6417
4989
8559
3252
2028
8589
10890
9678
6767
5744
10432
1022
6984
5155
1374
8862
1627
10689
4884
6502
5474
4919
2026
10377
3483
3277
3937
2191
9507
2025
1888
2152
1133
3182
5731
10967
9317
6223
2664
9792
4060
4827
8071
2538
9921
7346
4526
6688
3561
5321
4093
6625
9659
1420
6781
8829
6566
3388
10241
9020
1889
5702
10559
8666
10817
7885
9145
6836
10876
6025
5125
4084
6108
10480
4049
7726
1855
6552
3137
10234
6273
4919
6438
4686
5024
8285
4295
7671
10940
7897
4369
9088
9508
6956
5267
2378
6803
5477
2518
7621
1262
1932
6004
3628
5670
6471
8607
5432
6874
3348
2003
5549
9142
2967
8557
2036
1183
9458
4669
9348
1099
4808
9436
2093
10338
2669
2821
2955
8757
7368
2917
8650
1394
2923
7543
7986
3367
9031
8920
2992
8223
1282
2183
3517
9196
9903
6208
2627
4516
4841
8003
10646
3848
6499
10694
5931
5925
10616
2391
6223
5640
2897
10420
5125
10139
2804
10479
4728
2579
5854
8010
6982
2917
3893
4708
8797
6705
1574
8712
3797
2660
3334
1450
10440
8921
8723
1926
1387
5637
9403
4641
5171
4580
7083
1088
8086
6776
8759
4793
4002
6362
7182
3345
7482
1864
8246
8767
3063
10659
1154
6805
5583
3344
1443
4993
7431
7135
2448
10756
7442
8624
5499
4533
4506
8786
9891
6180
4584
7093
10324
2328
1797
8127
1985
8113
8981
9215
7800
3451
5706
6212
7741
4225
10396
1580
4761
4350
4976
9297
1472
7785
1959
7551
1778
2119
6636
3953
10432
4873
5359
7709
5568
5414
2939
2525
6337
1528
1854
2786
2090
10882
1965
10155
1343
5900
2372
4542
2203
5284
1135
9488
5876
1905
2841
2450
9657
8354
5939
1622
7679
9648
8897
8136
8189
4133
2757
4272
7989
4099
7780
4287
6562
10834
3948
10916
8489
9802
5310
10055
4350
2572
6947
9913
2862
3576
8344
10145
5523
2412
9410
8827
6682
6663
9116
5263
9774
10234
7335
9960
3669
8570
3740
4262
3444
6015
5165
4786
4949
4719
5617
1808
6746
9444
10554
8039
10304
2588
8160
9557
10295
6508
3903
4185
10813
5621
2349
4567
3047
4518
10789
10141
5055
9494
5881
4125
8178
8130
5615
3253
9017
9570
5661
3333
3855
7431
9287
6554
10649
5280
2951
10362
6822
8529
6445
6170
4940
3183
3987
3450
3428
6464
2352
9709
9124
2084
9717
8062
1750
3232
3501
8883
7590
8323
7650
10693
2214
4840
6599
7434
3519
2643
3396
10069
10704
9041
6298
4096
2456
9342
8784
1928
5833
3284
6511
5073
8392
10112
4572
3872
10256
4537
4814
1983
10368
6867
3222
1879
4246
9534
4643
3412
9018
3437
2375
9050
9702
4183
2545
6770
4897
3081
3380
8598
8497
5689
6035
6889
2913
10122
1315
1462
9282
3931
1245
8141
9500
7391
5782
8622
3410
4884
1705
7983
1838
3750
3543
6493
8590
7193
8780
3591
7351
3017
10311
2079
7686
10461
6813
2693
4725
6376
6299
5703
10411
8505
4416
9847
9421
5189
3072
1323
7066
2105
9346
1771
2822
4729
2827
1079
6356
2816
6296
6019
6677
2453
5903
3977
6807
3770
5600
2828
10240
8627
8258
2373
7986
6548
9582
7492
8890
9458
3231
9891
1659
5932
3183
7326
9788
3550
6091
6932
2033
1978
8038
2456
2177
9408
4225
3923
10412
5569
7733
6719
2698
9780
3130
7891
8100
8192
6091
5981
2822
1173
10284
3398
9103
8674
9044
5403
4732
9816
8477
3878
10142
8175
2199
8621
7784
8148
1895
3378
1822
2887
1952
8113
4379
5581
10055
2712
9470
5046
6334
7600
3342
9881
4781
5185
2881
3653
1763
3839
9377
2351
4023
5086
4947
4846
8362
5493
9642
5581
8659
7239
1124
3611
1168
1718
9255
10280
2628
3153
9107
10954
6432
5300
9979
4079
4301
1091
6975
3969
4001
9452
8511
1849
10389
6359
3278
4074
10458
4350
2592
10918
7979
7390
5574
4849
5491
2497
4513
10066
3935
4090
4372
10679
6340
5229
2711
6180
5561
5321
7618
7940
9960
1463
5279
2319
10146
8640
2482
8802
8988
2318
9809
10082
4166
9757
9096
5248
2091
10223
5730
10290
4893
2770
6486
2760
9788
3901
7529
1829
9132
5222
5158
9042
7274
9360
9936
2824
4817
5483
4323
6627
7573
3317
3864
9284
4992
6860
10314
5172
5050
1476
10108
8540
8674
9214
8702
8286
6660
5076
5180
5393
9621
10656
7625
1670
6526
6187
2615
4753
10264
9835
4944
1806
8775
3831
7333
1404
9081
6903
5596
7844
4262
4428
8788
9850
6187
7578
4631
2177
8348
